1000	0.001715	0.000077	0.000090	0.001126	0.000490		0.000494		0.000699	0.000692
2000	0.006750	0.000162	0.000197	0.004460	0.001941		0.001939		0.002581	0.002542
3000	0.015918	0.000237	0.000317	0.011224	0.004451		0.004434		0.005742	0.005848
4000	0.027271	0.000329	0.000436	0.017673	0.007730		0.009370		0.009900	0.009905
5000	0.044896	0.000410	0.000549	0.029074	0.012001		0.013094		0.015339	0.015122
6000	0.067591	0.000716	0.000936	0.050875	0.018764		0.017239		0.022558	0.023666
7000	0.091951	0.000601	0.000810	0.050479	0.023819		0.023605		0.029650	0.030231
8000	0.124598	0.000698	0.000972	0.065790	0.030730		0.030725		0.039728	0.039044
9000	0.164006	0.000792	0.001097	0.091738	0.040193		0.039856		0.048232	0.051880
10000	0.199644	0.000871	0.001366	0.107534	0.056037		0.050605		0.061004	0.062039
11000	0.258599	0.001005	0.001564	0.137504	0.062940		0.059587		0.076067	0.075051
12000	0.302330	0.001081	0.001786	0.147220	0.069886		0.070201		0.087985	0.087756
13000	0.366964	0.001192	0.002098	0.173424	0.081109		0.080964		0.100485	0.111724
14000	0.416015	0.001315	0.002511	0.216733	0.094996		0.094011		0.117546	0.116360
15000	0.492980	0.001368	0.002881	0.240890	0.113376		0.108409		0.139816	0.136207
16000	0.559536	0.001463	0.003384	0.280972	0.124652		0.123427		0.157623	0.153198
17000	0.666642	0.001610	0.003928	0.310651	0.154963		0.140377		0.186400	0.171722
18000	0.777633	0.001679	0.004501	0.338718	0.162276		0.158254		0.205958	0.199241
19000	0.835165	0.001748	0.005166	0.376516	0.181324		0.173210		0.214620	0.215102
20000	0.977872	0.001870	0.005823	0.408792	0.199565		0.204684		0.241515	0.265933
21000	1.103903	0.002006	0.006589	0.476114	0.222853		0.227690		0.270125	0.280634
22000	1.191475	0.002930	0.007393	0.544220	0.250071		0.248200		0.285018	0.291896
23000	1.354547	0.003006	0.009451	0.554303	0.272026		0.263663		0.326299	0.326141
24000	1.472306	0.003237	0.010639	0.609539	0.284957		0.285763		0.336469	0.341363
25000	1.566445	0.002371	0.009480	0.667358	0.302393		0.309496		0.377393	0.378491
26000	1.721184	0.002456	0.010328	0.716119	0.324309		0.331337		0.410519	0.400317
27000	1.835810	0.002544	0.011666	0.763216	0.348746		0.353739		0.434592	0.428257
28000	2.006608	0.002675	0.012206	0.852260	0.388352		0.390667		0.469829	0.473171
29000	2.151447	0.003436	0.013284	0.887800	0.409915		0.410016		0.504219	0.510755
30000	2.304600	0.002945	0.014348	0.974869	0.439638		0.448858		0.537985	0.539852
31000	2.454904	0.003319	0.019565	1.005497	0.461354		0.459111		0.563815	0.572418
32000	2.634970	0.003130	0.016711	1.094965	0.496234		0.499804		0.598684	0.611855
33000	2.804787	0.003198	0.017142	1.164742	0.526888		0.527036		0.641171	0.645976
34000	3.091171	0.004590	0.020613	1.257614	0.571610		0.561314		0.732084	0.696286
35000	3.197500	0.004732	0.019739	1.321094	0.591434		0.621954		0.733453	0.728494
36000	3.540306	0.003543	0.020268	1.380272	0.640800		0.629143		0.791835	0.785958
37000	3.696090	0.003681	0.021272	1.488638	0.684539		0.708285		0.834538	0.839005
38000	4.045952	0.005322	0.022286	1.608149	0.744474		0.748879		0.902211	0.891126
39000	4.453696	0.004226	0.021803	1.732541	0.813978		0.819541		0.972638	0.976293
40000	4.678172	0.004432	0.022836	1.833484	0.864084		0.857530		1.023860	1.022469
41000	4.947812	0.004442	0.023905	1.921785	0.913991		0.905147		1.067411	1.065269
42000	5.209038	0.004743	0.025452	2.013222	0.954106		0.950963		1.125133	1.124675
43000	5.030086	0.004421	0.026547	2.053452	0.920862		0.923756		1.137314	1.119886
44000	5.139613	0.006207	0.033741	2.122416	0.946501		0.943979		1.143741	1.175853
45000	5.416819	0.004507	0.033282	2.236311	0.999409		1.001225		1.223714	1.248844
46000	5.690486	0.004659	0.029362	2.353273	1.063706		1.054315		1.258116	1.254027
47000	5.986272	0.004841	0.034599	2.440376	1.105152		1.123877		1.340465	1.357124
48000	6.112429	0.004878	0.032857	2.536227	1.114229		1.136255		1.358253	1.390424
49000	6.477564	0.005007	0.032629	2.631993	1.172153		1.195942		1.447405	1.424341
50000	6.731539	0.005102	0.035553	2.747397	1.209440		1.220927		1.489925	1.471630
51000	6.982069	0.005303	0.037373	2.871650	1.298898		1.278494		1.552433	1.536663
52000	7.479693	0.005432	0.038140	3.018243	1.347656		1.370800		1.665098	1.641697
53000	13.362379	0.009253	0.057928	5.203706	2.529460		2.983605		3.539805	3.422853
54000	22.214869	0.016607	0.104514	8.448212	4.025389		4.002252		4.686127	4.706356
55000	11.322738	0.006065	0.040458	3.473515	1.634032		1.645149		1.929893	1.926603
56000	9.387207	0.006471	0.039116	3.578595	1.692923		1.697026		2.004936	2.000212
57000	9.236699	0.005895	0.045178	3.600346	1.658079		1.654595		1.986484	1.983296
58000	9.004673	0.005880	0.047338	3.649245	1.634615		1.638005		1.976784	1.969736
59000	9.304602	0.006025	0.048860	3.788222	1.697445		1.695727		2.051967	2.050213
60000	9.655429	0.006116	0.050571	3.898732	1.745699		1.743899		2.112627	2.116167
61000	10.501759	0.006188	0.049856	4.160163	1.906541		1.898590		2.228205	2.219288
62000	10.441682	0.006528	0.053080	4.183828	1.886777		1.870763		2.258803	2.260646
63000	10.671911	0.006526	0.053664	4.308898	1.938867		1.949454		2.333330	2.334809
64000	11.051957	0.006668	0.057166	4.444515	1.999423		2.011162		2.423728	2.437579
65000	11.405801	0.006805	0.056580	4.591681	2.055096		2.069683		2.476684	2.480452
66000	11.766435	0.006883	0.060277	4.719669	2.136525		2.105954		2.547204	2.554551
67000	12.141303	0.006969	0.062403	4.864794	2.192797		2.175379		2.650759	2.636012
68000	12.522514	0.006973	0.064066	5.032073	2.234520		2.243350		2.699996	2.713043
69000	12.899465	0.007159	0.066030	5.171769	2.336745		2.322243		2.819307	2.812974
70000	13.320474	0.007296	0.068696	5.312317	2.386456		2.407630		2.891556	2.883240
71000	13.668563	0.007269	0.069877	5.476618	2.450225		2.455457		2.954405	2.975110
72000	13.997170	0.007906	0.072938	5.643821	2.517772		2.530507		3.043878	3.065001
73000	14.461364	0.007515	0.073918	5.769644	2.613023		2.596552		3.118563	3.128643
74000	14.867958	0.007868	0.075546	5.924520	2.704675		2.741985		3.227174	3.219594
75000	15.267527	0.007984	0.076144	6.115893	2.725573		2.720953		3.293563	3.293133
76000	15.733942	0.008048	0.080135	6.263655	2.833605		2.804322		3.390141	3.390301
77000	16.114199	0.008227	0.081851	6.432578	2.885302		2.893209		3.511110	3.482653
78000	16.568968	0.008088	0.087243	6.602287	2.957076		2.959315		3.560160	3.571994
79000	16.954157	0.008701	0.085613	6.788595	3.031333		3.044811		3.672303	3.657970
80000	17.450968	0.008319	0.086551	6.937967	3.126049		3.103248		3.764848	3.769337
81000	17.859003	0.008582	0.091270	7.135471	3.186839		3.193360		3.863352	3.860333
82000	18.356937	0.008534	0.092074	7.318914	3.259011		3.265992		3.946896	3.952651
83000	18.771606	0.008745	0.095469	7.482640	3.356827		3.339047		4.034380	4.048392
84000	19.221952	0.009158	0.098330	7.668694	3.453249		3.464047		4.135043	4.134984
85000	19.711840	0.009057	0.096966	7.841475	3.520438		3.510757		4.248046	4.235862
86000	20.155235	0.009195	0.099921	8.031237	3.597440		3.605726		4.342111	4.348946
87000	20.684685	0.009330	0.101022	8.238552	3.676956		3.691669		4.472589	4.448733
88000	21.168947	0.009359	0.106149	8.404565	3.776479		3.788448		4.556790	4.539444
89000	21.731119	0.009749	0.106128	8.618202	3.880377		3.864309		4.669311	4.669999
90000	22.160456	0.009590	0.107955	8.805044	3.952004		3.959605		4.758149	4.782781
91000	22.729548	0.009879	0.110790	8.979614	4.022758		4.031429		4.868815	4.859340
92000	23.266832	0.009576	0.112485	9.198653	4.145365		4.135578		4.991464	5.010880
93000	23.706917	0.010059	0.115351	9.399689	4.230678		4.205796		5.111774	5.071045
94000	24.262512	0.010046	0.121178	9.606250	4.326554		4.290758		5.226042	5.178031
95000	24.771423	0.010153	0.121422	9.815193	4.382902		4.423846		5.293354	5.326211
96000	25.268600	0.010335	0.123844	10.014598	4.503874		4.501515		5.440620	5.426993
97000	25.791552	0.010221	0.126515	10.219882	4.608011		4.626639		5.549475	5.541515
98000	26.410074	0.010555	0.128608	10.456462	4.675063		4.698355		5.653605	5.657839
99000	26.886532	0.010644	0.129374	10.656037	4.779091		4.779026		5.734489	5.744839
100000	27.462523	0.010866	0.132434	10.874279	4.855024		4.865868		5.886959	5.867240
		BubbleSort	MergeSort	QuickSort	SleletionSort	InsertionSort	ShellSort	BinaryInsertionSort		BogoSort
